kinematics:
  shoulder:
    x: 0
    y: 0
    z: 0.1808944445165956
    roll: -0
    pitch: 0
    yaw: -4.800967189771965e-08
  upper_arm:
    x: -8.586204466144063e-05
    y: 0
    z: 0
    roll: 1.571110310488376
    pitch: 0
    yaw: 8.198332148354006e-06
  forearm:
    x: -0.6124030239974904
    y: 0
    z: 0
    roll: 3.137797486852208
    pitch: 3.140048913847995
    yaw: 3.141588310721964
  wrist_1:
    x: -0.5711757209927568
    y: -0.0002264798343318009
    z: 0.174276921980638
    roll: 0.001299539286468016
    pitch: 0.001280372084545536
    yaw: 7.197000912476284e-07
  wrist_2:
    x: -1.087547177788496e-05
    y: -0.1198600521884032
    z: 9.26979582052223e-05
    roll: 1.570022942017975
    pitch: 0
    yaw: -3.133883379885515e-06
  wrist_3:
    x: -9.739128918731937e-05
    y: 0.1157279042981018
    z: -4.381567447826815e-05
    roll: 1.570417717395111
    pitch: 3.141592653589793
    yaw: -3.141592574430816
  hash: calib_11046485018944330349